Leaky ReLU:
Fprop: [ 1.5   -0.033 -0.027  3.6   -0.049 -0.015]
Bprop: [[ 5.   0.1 -0.1 -5.   0.   0.1]]
ELU:
Fprop: [ 1.5        -0.96311683 -0.93279449  3.6        -0.99255342 -0.77686984]
Bprop: [[ 5.          0.36883167 -0.67205513 -5.          0.          2.2313016 ]]
SELU:
Fprop: [ 1.57605    -1.69329067 -1.63997986  3.78252    -1.7450442  -1.36584307]
Bprop: [[ 5.2535      0.64845636 -1.18156452 -5.2535      0.          3.92293236]]
